1651 9 127d0 1 1f4 10
2.0
2.046
2.09305811
2.1411984
2.1904459
2.24082613
2.29236507
2.34508944
2.39902639
2.45420408
2.51065087
2.56839585
2.62746906
2.68790078
2.74972248
2.81296611
2.87766433
2.94385052
3.01155901
3.08082485
3.15168381
3.22417259
3.29832864
3.37419009
3.45179653
3.53118777
3.61240506
3.69549036
3.78048658
3.86743784
3.95638895
4.04738569
4.14047575
4.23570681
4.33312798
4.4327898
4.53474379
4.63904285
4.74574089
4.85489273
4.96655512
5.08078575
5.19764376
5.31718969
5.43948507
5.56459332
5.69257879
5.82350826
5.95744896
6.0944705
6.23464346
6.37804031
6.52473545
6.67480421
6.82832479
6.98537636
7.14603996
7.31039906
7.47853804
7.65054464
7.82650709
8.00651646
8.1906662
8.37905121
8.57176971
8.7689209
8.97060585
9.17692947
9.38799858
9.60392284
9.82481289
10.0507832
10.281951
10.5184355
10.7603598
11.0078478
11.2610283
11.5200319
11.7849922
12.0560474
12.3333368
12.6170034
12.9071941
13.2040596
13.5077534
13.8184319
14.1362562
14.4613905
14.7940025
15.1342649
15.4823532
15.8384476
16.2027321
16.5753956
16.9566288
17.346632
17.7456055
18.1537552
18.571291
18.9984303
19.4353943
19.8824081
20.3397045
20.807518
21.2860909
21.775671
22.2765121
22.7888718
23.313015
23.8492146
24.397747
24.9588947
25.5329494
26.1202068
26.7209721
27.3355541
27.9642715
28.6074505
29.2654228
29.9385281
30.6271133
31.3315372
32.0521622
32.7893639
33.5435181
34.3150177
35.1042633
35.9116631
36.7376328
37.5825996
38.4469986
39.3312798
40.2359009
41.1613274
42.1080399
43.0765266
44.0672874
45.0808334
46.117691
47.1783981
48.2635002
49.3735619
50.5091553
51.6708641
52.8592949
54.075058
55.3187828
56.591114
57.8927116
59.2242432
60.5863991
61.9798851
63.4054222
64.8637466
66.3556137
67.8817902
69.4430695
71.0402603
72.6741867
74.3456955
76.0556488
77.8049316
79.5944443
81.4251175
83.2978973
85.2137527
87.1736679
89.1786652
91.2297745
93.3280563
95.4746017
97.670517
99.9169388
102.215027
104.565971
106.970985
109.43132
111.948242
114.523048
117.157082
119.851692
122.608284
125.428276
128.313126
131.264328
134.283401
137.371918
140.531479
143.763702
147.070267
150.452881
153.9133
157.453308
161.074738
164.779449
168.569382
172.446472
176.412735
180.47023
184.621048
188.867325
193.211273
197.655136
202.201202
206.851837
211.609436
216.476456
221.455414
226.548889
231.759521
237.089996
242.54306
248.121552
253.828354
259.666412
265.638733
271.748413
277.998627
284.392609
290.933624
297.625092
304.470459
311.473267
318.637146
325.96579
333.463013
341.13266
348.978699
357.005219
365.216339
373.616302
382.209473
391.000305
399.993317
409.193176
418.604614
428.232513
438.081848
448.157745
458.465363
469.010071
479.797302
490.832642
502.121796
513.670593
525.485046
537.571228
549.935364
562.583862
575.523315
588.760376
602.30188
616.154846
630.326416
644.823914
659.654846
674.826904
690.3479
706.225891
722.469116
739.085938
756.0849
773.474854
791.264771
809.463867
828.081543
847.127441
866.611389
886.543457
906.93396
927.793457
949.13269
970.962769
993.294922
1016.14069
1039.51196
1063.42078
1087.87952
1112.90076
1138.49744
1164.68286
1191.47058
1218.87439
1246.90845
1275.5874
1304.9259
1334.93921
1365.64282
1397.05261
1429.18481
1462.05603
1495.68335
1530.08411
1565.276
1601.27734
1638.10669
1675.7832
1714.32617
1753.75574
1794.09216
1835.35632
1877.56958
1920.75366
1964.93103
2010.12439
2056.35718
2103.65332
2152.03735
2201.53418
2252.16943
2303.96924
2356.96045
2411.17065
2466.62769
2523.36011
2581.39746
2640.76953
2701.50732
2763.64209
2827.20581
2892.23145
2958.75269
3026.80396
3096.42041
3167.63818
3240.4939
3315.02515
3391.27075
3469.27002
3549.06323
3630.69165
3714.19751
3799.62402
3887.01538
3976.41675
4067.87427
4161.43555
4257.14844
4355.06299
4455.22949
4557.69971
4662.52686
4769.76514
4879.46973
4991.69775
5106.50684
5223.95654
5344.10742
5467.02197
5592.76367
5721.39746
5852.98975
5987.6084
6125.32324
6266.20557
6410.32812
6557.76562
6708.59424
6862.89209
7020.73877
7182.21582
7347.40674
7516.39697
7689.27393
7866.12744
8047.04834
8232.13086
8421.46973
8615.16309
8813.31152
9016.01758
9223.38574
9435.52344
9652.54004
9874.54883
10101.6631
10334.001
10571.6826
10814.8311
11063.5723
11318.0342
11578.3486
11844.6504
12117.0771
12395.7695
12680.8721
12972.5322
13270.9004
13576.1309
13888.3818
14207.8145
14534.5938
14868.8896
15210.874
15560.7246
15918.6211
16284.749
16659.2988
17042.4629
17434.4395
17835.4316
18245.6465
18665.2969
19094.5996
19533.7754
19983.0527
20442.6621
20912.8438
21393.8398
21885.8984
22389.2734
22904.2266
23431.0234
23969.9375
24521.2461
25085.2344
25662.1953
26252.4258
26856.2324
27473.9258
28105.8262
28752.2598
29413.5625
30090.0742
30782.1465
31490.1367
32214.4102
32955.3398
33713.3125
34488.7188
35281.9609
36093.4453
36923.5938
37772.8359
38641.6094
39530.3672
40439.5664
41369.6758
42321.1797
43294.5664
44290.3398
45309.0195
46351.1289
47417.2031
48507.8008
49623.4805
50764.8203
51932.4102
53126.8555
54348.7734
55598.7969
56877.5703
58185.7539
59524.0273
60893.082
62293.6211
63726.375
65192.082
66691.5
68225.4062
69794.5938
71399.8672
73042.0625
74722.0312
76440.6406
78198.7734
79997.3438
81837.2812
83719.5391
85645.0859
87614.9219
89630.0625
91691.5547
93800.4609
95957.875
98164.9062
100422.703
102732.422
105095.266
107512.453
109985.242
112514.906
115102.75
117750.117
120458.367
123228.906
126063.172
128962.625
131928.766
134963.125
138067.281
141242.828
144491.406
147814.703
151214.438
154692.375
158250.297
161890.047
165613.516
169422.625
