1651 9 12bb8 1 1f4 10
-8.19137287
-11.3197575
-8.92841148
-10.5578995
-6.00421715
-8.40445137
-9.27403069
-9.47990799
-5.80106926
-5.70371485
-7.83696747
-6.92052841
-7.28661203
-7.48833084
-7.65872765
-8.25555515
-5.31859541
-5.66219854
-7.08097887
-8.96862793
-5.34875917
-6.23008156
-4.44522858
-7.87506962
-8.01711464
-5.12381697
-9.00115681
-7.84643745
-8.45708752
-7.70364809
-8.88585186
-6.61983013
-5.55317879
-6.45000219
-8.12663269
-5.91908407
-4.85457993
-6.09405994
-3.86358762
-5.92293453
-7.09942007
-7.80905581
-7.10382223
-5.71844006
-5.30714083
-6.33494997
-6.7730155
-5.62841082
-5.52977037
-6.0463419
-5.83884144
-5.99813986
-6.86153984
-6.22372818
-6.74466038
-6.46526098
-5.65525389
-6.56021786
-5.04583597
-4.21004343
-4.46760321
-6.03126049
-5.77518606
-6.11142683
-3.66318178
-5.46521568
-6.14029217
-5.29544926
-3.32535434
-4.86915493
-5.42709255
-5.99277639
-4.64439487
-5.58831072
-5.0453577
-5.17713976
-4.67764568
-4.71027422
-5.06116056
-5.38932228
-5.48202753
-4.12680244
-5.31967974
-5.52752352
-5.0824995
-3.62246919
-4.55356646
-4.48965788
-4.45372581
-5.32130003
-4.89629126
-5.33628941
-3.72371674
-3.87616515
-5.07071447
-3.3474822
-5.21439743
-4.6992631
-5.35164404
-3.67226195
-3.06159878
-3.57398701
-4.76812696
-4.97779322
-5.04909277
-4.86895895
-5.29794741
-4.45283365
-5.23010826
-5.2544961
-5.09231472
-4.69227695
-4.68475437
-2.84579349
-4.71535206
-4.12396097
-4.11523676
-5.18433857
-4.93125582
-2.19539428
-2.61611533
-4.68604565
-3.62302399
-1.94176078
-3.11734033
-5.12512732
-4.20874882
-1.75661731
-3.95832586
-5.02663612
-5.09276438
-2.47378349
-2.97308969
-2.86260867
-1.21703577
-4.74912739
-1.62752366
-0.227569893
-5.08645582
-1.00884295
-0.672118783
-1.02947521
-0.614756525
-3.5983932
-4.80833817
-5.02735901
-4.95627832
-2.03928113
-3.65236139
-1.61635518
-0.550857246
-4.29674149
-3.31988883
-4.36290359
-4.98960924
-4.36625147
-0.411854923
-1.256338
-0.0485952534
-1.5487572
-1.37198496
-5.04367971
-2.77445984
-1.85015213
-5.01882887
-1.02907312
-0.4380292
-0.0594971888
-1.68455815
-1.96134186
-0.376189649
-1.33156085
0.00156751275
-0.986861169
-1.59056544
-1.11935842
-2.73313665
-3.54371929
-4.7355094
-4.45535517
-4.87961769
-1.97806394
-4.76460791
-1.39093649
-3.0191021
-5.04494286
-4.62596941
-4.87651396
-5.06038475
-5.07639313
-4.8512001
-5.05338001
-4.97875118
-5.0641284
-4.80842161
-4.990767
-4.97088671
-4.86059189
-5.04296112
-5.02959394
-5.00692368
-4.66925955
-5.01449203
-5.07266951
-4.90215302
-5.03587055
-4.84385633
-4.96224165
-4.92946434
-4.88005161
-5.03671932
-5.02038765
-4.99938822
-5.01973104
-4.93639565
-5.05736256
-5.04447937
-4.72023773
-5.0183115
-5.09311247
-5.47306728
-4.18727398
-5.22136831
-5.00156593
-4.91873026
-4.89616013
-4.98275661
-4.83257151
-4.943645
-5.00069761
-4.97543812
-4.82621717
-5.00151062
-4.85687113
-4.9665451
-4.66745806
-4.94255018
-4.86738634
-4.90406227
-4.84591627
-4.70689917
-4.78372002
-4.84902191
-5.01342297
-4.73368454
-4.89289236
-4.65518093
-4.78447533
-4.80418062
-4.7666254
-4.75490475
-4.78525543
-4.69614363
-4.63217115
-4.65825844
-4.35608435
-4.6351018
-4.7618227
-4.4348321
-4.63409758
-4.56267405
-4.44031906
-4.4326148
-4.37215948
-4.3540473
-4.16257572
-4.29125595
-4.40315866
-4.11304188
-4.23632288
-3.51585174
-4.10742664
-4.03356838
-4.03100348
-3.93043613
-3.96593642
-4.00081921
-3.95348048
-3.98213696
-3.73393178
-3.74504948
-3.37181211
-3.41066289
-3.32218122
-3.24650764
-3.46983433
-3.40539479
-2.74280262
-2.88250804
-2.76879048
-2.47889972
-2.28547764
-2.38256192
-2.61632895
-2.17368937
-1.95578921
-1.84832847
-1.66664863
-1.52251434
-1.49185336
-0.960836768
-0.73380214
-0.779566348
-0.455389887
0.0119903842
0.447507083
0.480229437
0.754497588
1.35014296
1.65646827
2.11447811
2.74713039
2.99628735
3.09754205
2.49482036
2.94040871
4.45367289
4.75503111
3.66880226
3.62073827
3.68292356
3.54766679
2.74379015
1.94079757
1.59178579
1.02248251
0.419888467
-0.645274103
-2.03788209
-1.78329027
-2.06275845
-3.6036644
-3.76353955
-4.94562292
-7.7324748
-6.05076694
-6.20368958
-6.88209057
-4.95488739
-9.57177258
-12.9177055
-8.27987671
-9.80016804
-13.7075081
-11.2439871
-12.1142292
-11.0123138
-8.00812626
-8.17815304
-9.5914278
-14.3874474
-19.140419
-13.7221584
-16.6155186
-19.2894497
-19.5600586
-20.6728611
-11.6824474
-18.9743767
-11.7740383
-15.9195499
-19.5466862
-17.7398567
-6.69255066
-9.0551405
-18.2346363
-13.5833426
-31.44734
-24.7353096
-34.1836586
-14.0083961
-19.8094654
-14.8066034
-33.6071281
-22.1296062
-6.02174234
-13.1920633
-31.0866489
-13.4998999
-26.4762745
-17.4870739
-22.2599125
-31.0274582
-16.2035809
-19.757597
-0.141927361
-20.61059
-18.321043
-6.44563723
-14.2270336
-12.9427147
-13.5623903
-5.84050512
-4.92497063
-8.61971569
-5.01396704
-5.07803965
2.18355513
3.56430435
2.26067162
0.63019985
-1.32072771
-2.95957518
-3.12772107
-3.97693872
-3.35278678
-3.74784017
-6.91494799
-3.07864189
-0.864479363
2.64697981
1.68931222
0.590386033
-3.79388165
-9.78701591
-9.04318714
-30.2695427
-7.64786053
-17.096365
-26.3306007
-26.2770729
-27.0742435
-20.8598576
-2.18610024
-23.3223171
-15.3902969
-11.6550598
-17.5115318
-24.6106606
-11.6315355
-9.42787266
-3.2305994
0.292129308
1.69225001
-3.27552843
-5.11206961
0.0
0.0
0.0
0.0
0.0
0.0
0.0
0.0
0.0
-1.0354388e-06
0.0
-1.0354388e-06
0.0
0.0
-1.0354388e-06
0.0
0.0
0.0
-1.0354388e-06
0.0
0.0
-1.0354388e-06
-1.0354388e-06
0.0
0.0
0.0
0.0
0.0
-1.0354388e-06
0.0
0.0
0.0
-1.0354388e-06
0.0
0.0
-1.0354388e-06
-1.0354388e-06
0.0
-1.0354388e-06
0.0
-1.0354388e-06
0.0
-1.0354388e-06
-1.0354388e-06
-1.0354388e-06
-1.0354388e-06
-1.0354388e-06
-1.0354388e-06
0.0
0.0
0.0
0.0
-1.0354388e-06
0.0
0.0
0.0
0.0
-1.0354388e-06
0.0
-1.0354388e-06
0.0
0.0
0.0
0.0
