1651 9 12fa0 1 1f4 10
-135.722198
-139.740234
-137.14772
-144.462326
-137.839554
-136.917816
-138.237213
-139.970871
-138.738327
-139.73819
-140.622208
-141.115814
-141.469666
-142.54776
-144.147125
-146.870789
-145.462296
-145.703445
-145.802444
-150.13089
-144.618378
-145.375107
-146.468323
-149.798233
-152.201508
-148.797699
-165.882507
-157.602463
-161.494553
-156.003693
-166.131348
-152.099594
-151.486801
-155.661133
-170.778427
-154.667252
-152.811066
-155.904114
-153.056213
-155.399734
-163.198547
-177.336456
-168.469589
-159.413483
-157.51709
-162.396042
-165.307343
-159.724762
-159.439926
-161.952164
-160.597717
-163.061203
-169.02919
-166.146133
-176.390228
173.015945
-165.460007
176.178207
-162.588608
-160.354782
-160.594421
-170.69548
-168.014236
172.498199
-159.713318
-166.587311
176.9039
166.267609
-160.256058
-164.208847
-167.614227
-179.86673
-163.679337
-170.995789
-166.485809
-167.65004
-164.660828
-164.836823
-168.040298
-172.082001
-174.444107
-163.962921
-172.346817
176.309082
-169.717392
-162.652618
-165.644806
-165.748032
-166.311386
-174.245468
169.443741
-176.596558
-163.916412
-164.36438
-171.794464
-162.947281
-174.379547
-168.663818
176.516006
-164.195297
-163.101974
-163.904388
-169.546082
-171.328552
-172.878952
-170.920639
-177.570023
-167.771637
177.811279
-178.632843
-174.665634
-169.926941
169.45549
-163.142014
169.680466
-166.572861
166.283371
-177.870621
173.283966
-163.454697
162.79454
-170.693481
-164.857864
-163.876694
-163.69429
-178.396408
166.930191
-164.277069
-166.169342
175.288116
-176.195038
163.026703
-163.741852
163.279327
-165.731888
-169.893997
163.635529
172.620621
178.236343
166.503494
168.465805
-171.316223
-169.38298
-165.282166
172.235031
174.304016
-175.074692
-164.520187
-165.557556
164.203217
169.350327
168.371429
-164.655289
168.538696
175.555649
168.169205
170.63945
165.297989
176.387451
-165.3237
-165.683517
-176.869888
163.12767
-164.622971
-176.280869
166.311798
170.222565
175.894211
164.031311
-164.549271
-171.925461
-166.112946
179.544342
-167.556808
-165.366745
-166.95639
162.989807
-165.510956
170.876343
169.691986
-173.798187
162.973785
-176.655472
164.198853
162.817856
177.522827
-171.473877
-174.956497
-179.204529
178.656021
171.492859
-179.417175
174.525864
176.823669
-173.963394
175.379044
175.053726
172.463806
177.110306
-177.874069
175.304474
170.133102
-178.445618
177.084732
172.462692
179.198105
172.15451
174.642441
-175.792328
172.461258
-179.65683
176.359909
175.944626
179.395645
173.144852
178.406631
-178.58783
171.221619
175.38913
178.025223
173.446014
171.05571
176.448227
175.661499
176.55043
171.648117
175.778336
172.333679
174.213745
175.758377
176.457047
173.287048
177.637192
174.45668
176.448822
170.862396
176.658585
174.040375
175.764755
173.091721
172.376129
171.47876
174.192398
-175.025223
169.945053
172.383209
170.026245
173.13916
173.021835
171.468185
171.782654
171.059067
171.420242
170.259415
170.531921
168.039688
168.934464
172.493484
168.649567
169.599518
168.98822
168.276581
168.845306
167.757034
168.213898
166.342606
167.87291
169.590424
169.83194
163.719498
163.921188
167.111221
166.418991
165.317444
165.727768
166.05162
166.070206
164.757797
166.218704
163.817123
164.541168
163.328186
163.151428
162.591705
162.43692
162.658249
162.980759
161.376343
161.989334
161.220306
161.073761
161.801193
160.718124
160.775162
160.859146
160.222534
160.105515
160.070312
160.079254
160.203812
160.510742
160.939407
160.032257
160.833908
161.608765
164.601654
160.205338
160.17041
163.856247
167.476654
168.264633
165.67424
170.530273
175.808716
179.46994
-177.833847
-173.473511
-165.611542
-164.346222
-158.532822
-150.846909
-135.896683
-141.474228
-136.658661
-141.294128
-127.335762
-127.001137
-123.335052
-118.079903
-123.917839
-123.074806
-118.562225
-121.509148
-114.244026
-126.959419
-119.96167
-123.032333
-123.795853
-125.524834
-126.921402
-129.347107
-132.115204
-133.08522
-124.213928
-134.466125
-137.485947
-129.584534
-121.14592
-126.370903
-134.657913
-146.497986
-172.220215
-149.376511
-153.24765
-151.588486
-157.895126
-165.30365
148.499359
-169.974487
-129.777863
-141.58049
-157.821518
-144.894165
93.5070877
84.1530762
74.3753052
47.3695869
83.8082581
38.6291924
156.269394
-39.4892273
149.467026
143.007996
133.282913
-102.441299
117.427315
76.4863358
63.725769
61.8510246
39.4050674
37.0733986
-2.19288659
139.264221
-25.0998688
170.564133
-61.2526398
178.314514
-147.289627
-115.188576
145.070221
138.691452
151.98082
116.128082
114.935341
129.395935
117.720184
127.816116
135.554306
161.432922
-176.042511
-167.639771
-160.013824
-161.261612
-168.868469
-171.524628
162.478912
166.133392
-48.6415291
161.735718
160.660492
171.271149
-163.599548
-145.667374
-135.603912
-120.511353
-142.431992
-42.3192558
13.2920408
-176.330276
-30.357872
112.668892
173.980499
-88.8378296
-144.575836
88.349884
75.3147736
41.5466461
176.492294
128.817245
150.269409
121.493629
136.170425
-152.041855
-171.173538
-162.218231
-171.240204
-180.0
-180.0
-180.0
-180.0
-180.0
-180.0
-180.0
-180.0
-180.0
-180.0
-180.0
-180.0
-180.0
-180.0
-180.0
-180.0
-180.0
-180.0
-180.0
-180.0
-180.0
-180.0
-180.0
-180.0
-180.0
-180.0
-180.0
-180.0
-180.0
-180.0
-180.0
-180.0
-180.0
-180.0
-180.0
-180.0
-180.0
-180.0
-180.0
-180.0
-180.0
-180.0
-180.0
-180.0
-180.0
-180.0
-180.0
-180.0
-180.0
-180.0
-180.0
-180.0
-180.0
-180.0
-180.0
-180.0
-180.0
-180.0
-180.0
-180.0
-180.0
-180.0
-180.0
-180.0
