1651 9 13388 1 1f4 10
-5.92937946
-9.58553219
-6.74315405
-8.48028946
-3.15483999
-6.11121702
-7.11622238
-7.28382969
-2.81917334
-2.60779524
-5.14128637
-3.93406081
-4.36881733
-4.54665518
-4.65498924
-5.30177641
-1.46220005
-1.85477602
-3.74572349
-6.13862514
-1.59123957
-2.63092995
-0.337208867
-4.60223866
-4.67767572
-0.807810009
-5.8111124
-4.17579508
-5.00178576
-4.02419615
-5.64870548
-2.57662153
-1.0533402
-2.01417923
-4.41014242
-1.25294101
0.108608693
-1.41694129
1.28777754
-1.18931067
-2.6747756
-4.02820683
-2.57223678
-0.47142747
0.02029985
-1.33749044
-2.04481792
-0.289886922
-0.148572206
-0.849204242
-0.582235754
-0.661593318
-2.17722106
-0.93671447
-2.01399708
-2.34533143
0.148459822
-2.19921803
0.994164765
1.90338778
1.65970302
-0.335800469
0.0689570531
-1.67506516
2.55703759
0.603192687
-1.10435188
-1.34234047
2.70637131
1.47824347
0.752571285
-0.570984781
1.78916681
0.602921247
1.4009155
1.2456255
1.85719943
1.81489635
1.49797738
1.08514297
0.932824194
2.47331476
1.26716065
0.272473693
1.59730458
2.68579125
2.13742805
2.16245937
2.21982241
1.31090772
0.341850162
1.32521057
2.68469453
2.53830957
1.75607395
2.81263804
1.58346212
2.15790224
0.792192698
2.57861519
2.76305866
2.85786533
2.0460639
1.8978188
1.86071205
1.95888352
1.39937949
2.31511879
1.37200975
1.48832011
1.86108398
2.24877739
1.13148212
2.70289731
1.11343575
2.35996079
1.29029298
1.70852184
1.60878098
2.58190322
1.03503478
2.22460222
2.39805627
2.52583361
2.90056515
1.87653399
1.6821053
2.91327786
2.18890214
1.86018717
1.90367055
1.69827521
2.52945852
1.80078888
2.75983763
2.33018947
-0.42275098
1.09082413
1.88772142
1.7455411
1.67083573
-4.89708471
2.78460932
2.25286531
1.89915764
1.66529083
2.03836203
1.37171781
2.095505
1.58227897
1.94956362
2.58983421
2.04437757
2.40572786
2.00126505
2.01906395
2.24322462
1.99149144
2.22512794
1.95373201
2.27697325
1.9840821
2.073066
2.06563282
2.00664902
2.19171047
2.07453561
2.07121038
2.1624651
2.07548714
2.0937922
2.08592248
2.09501767
2.1172626
2.13032031
2.15007973
2.02800393
2.11874342
1.95298779
2.22921968
1.96129453
1.95432651
2.61911321
2.09942842
2.13050747
2.03909492
2.03141713
2.06678033
2.00712729
1.99688566
1.93409717
2.02923918
2.03332615
1.98421633
2.04808044
2.03957534
2.08724642
2.0401969
2.04137659
1.96842706
2.0158298
2.13505745
2.05191159
1.97737467
2.02312875
2.08176899
2.08811855
2.11081576
1.91626763
2.07519436
2.0294919
2.07701898
2.10379934
2.03204393
2.05495095
2.03149152
1.82207954
2.40008855
2.03049493
1.93255889
0.993455529
3.60566926
1.63468421
2.09923315
2.30917501
2.11628962
2.14462304
2.26227903
2.15365529
2.06443357
2.17316079
2.39555216
2.0952177
2.38281417
2.16124535
2.55788064
2.23743725
2.33954906
2.25433993
2.34037495
2.6136415
2.37567878
2.38511682
2.02772665
2.38063025
2.19490719
2.55693579
2.4768765
2.43023539
2.41919971
2.45073199
2.34608078
2.57479596
2.59108543
2.59174228
3.00379252
2.51306772
2.49627852
2.9244802
2.57313681
2.57168317
2.88276553
2.95571899
2.97729754
3.06909943
3.26321101
3.17492318
3.09168482
3.788692
2.7179563
4.31586599
3.44962835
3.58236957
3.43118286
3.72083068
3.67927456
3.6008966
3.52941012
3.66622233
3.86919665
3.93249226
4.57068157
4.45328665
4.53226852
4.67367601
4.24023199
4.43078136
5.48073816
5.35365582
5.41510773
5.9548521
6.51643276
6.06935501
5.61307621
6.51948595
6.74559498
6.90585518
7.21564293
7.46411037
7.53588438
8.48433304
8.949543
8.51649284
9.18262196
9.91126537
11.4435625
9.37660027
9.29758263
10.5412951
11.5686655
10.9892921
9.22944927
9.81186008
10.2018948
11.9712152
10.7169571
7.71838522
6.66072178
7.75129414
6.8160882
5.44733953
3.09780288
4.08046198
3.22100186
3.97128367
1.46421683
1.18623829
0.102863006
-1.49550998
-0.560340345
-0.882799923
-2.66296959
-2.47186732
-4.29301929
-6.04354143
-4.80474377
-4.69218302
-5.34115553
-3.27799034
-8.09403896
-11.8323126
-6.3122015
-8.01719093
-12.8299961
-9.63995552
-10.5407639
-9.6025238
-6.90771198
-6.78949594
-7.77443171
-12.9503717
-18.1677628
-12.1029882
-15.4128714
-18.4352074
-18.6787357
-19.8612556
-9.82881927
-17.9567871
-10.5813198
-14.8526802
-18.6671791
-16.8326683
-7.69359112
-10.0113754
-18.5922546
-14.833786
-31.4758568
-25.125351
-34.0272942
-15.3404436
-19.0304279
-13.5880289
-33.4829788
-22.038496
-5.79015493
-13.8810892
-31.19911
-14.4703903
-26.8060131
-18.423254
-22.9073124
-30.8425541
-17.360548
-18.8307495
-4.93946743
-19.7611332
-17.4241219
-6.2996192
-12.8020077
-11.4801798
-11.8487825
-5.13772058
-4.29422379
-6.86206961
-4.00628757
-3.05547595
2.99176931
7.08104324
10.6822586
10.5744743
7.76092339
4.97011375
6.15050364
2.57400465
2.06928754
1.09244597
-17.8887882
4.8070426
8.67490387
10.606534
7.86470842
4.2148385
-1.01850331
-8.68780708
-6.6120863
-30.5202675
-10.6431217
-15.7927704
-26.6931534
-26.1264267
-26.6836624
-20.9417
-0.875581264
-23.3842163
-15.9495764
-13.3594093
-16.2731133
-24.2949409
-9.52208042
-8.24355125
-0.399091929
0.456500947
10.7309074
4.49287701
0.661347091
2.09164572
1.37773526
2.24226809
0.752760231
1.95253122
2.17542458
2.0935092
3.61560202
1.80387533
2.60392451
1.98307931
2.70159698
1.53555691
2.38234758
1.79474783
2.52042913
1.13838017
2.16779041
1.11860335
2.3322742
0.618051171
2.02139187
8.5260458
2.18877983
3.64783216
1.88197982
2.58150697
2.06419373
3.11216283
1.66830003
2.49796176
1.88034391
2.65659714
1.43006182
2.26285028
1.64977014
2.41984057
-0.0934559256
2.10619068
1.80166578
2.22939444
0.623597085
1.90393591
2.87760925
2.04644775
3.54557991
1.72736144
2.65583611
1.96971381
2.78067231
1.55243969
2.32705045
1.76760268
2.48922229
1.13447928
2.13053608
0.870340168
2.26648664
0.388634861
1.88069415
9.47424984
2.14236331
3.99693632
1.83518171
