1651 9 13770 1 1f4 10
-115.067841
-119.70005
-116.381073
-122.873016
-117.916084
-115.586555
-117.010567
-118.78199
-118.517609
-120.011673
-119.17038
-120.524124
-120.344627
-120.651497
-122.245003
-124.073189
-125.709427
-125.083618
-123.302826
-127.020714
-124.288712
-124.037468
-128.649185
-126.16861
-128.436172
-130.17247
-141.162628
-133.123886
-137.305557
-131.513885
-140.996063
-128.503952
-132.198532
-133.848053
-145.80307
-133.59906
-134.599945
-135.776413
-139.399796
-134.881546
-140.443466
-152.09462
-145.038269
-140.321396
-139.301544
-141.556931
-141.971832
-141.81575
-141.556976
-141.343246
-140.009369
-145.15123
-144.374023
-145.491608
-152.367432
-161.902283
-148.368683
-158.728516
-149.631577
-152.930756
-150.118408
-153.301361
-150.773727
-163.576828
-152.965805
-150.971054
-161.272873
-169.496262
-158.990234
-153.322571
-152.439331
-158.228699
-154.273438
-155.703552
-155.255692
-156.682205
-155.523865
-155.84906
-158.597916
-158.87146
-160.339188
-161.549896
-162.718002
-165.116211
-160.519333
-164.531403
-159.633621
-162.62262
-165.415848
-162.210052
-169.704987
-165.720261
-167.859604
-168.471069
-164.966095
-168.338959
-168.235153
-165.716949
-167.188232
-170.980835
-172.140457
-168.461761
-168.960052
-166.32872
-167.523895
-171.374069
-166.394531
-169.812836
-170.588699
-167.828125
-169.157196
-169.388794
-173.819077
-174.054932
-173.557846
-173.960739
-176.012039
-169.992111
-175.16481
-176.719681
-177.799545
-173.632477
-175.914536
-177.63028
-172.871704
-173.9496
-178.837341
-176.479324
-177.667435
-179.306961
-174.102829
179.813446
-176.753174
179.917984
-177.206696
-159.678558
-176.064697
179.114456
-176.133713
179.509155
179.44072
153.070282
-179.104324
-179.012985
-179.195786
-177.247101
-179.152878
175.153366
179.35318
179.945114
178.779144
172.893188
178.998886
174.412796
179.513199
178.470474
178.446976
178.458878
178.559555
177.970535
179.5755
-179.438614
178.088425
178.400665
-179.056808
178.082855
178.150452
178.145676
177.964569
178.047882
178.028259
177.955582
177.891312
178.025894
177.974319
178.055481
177.938965
178.505768
177.892899
178.615356
178.382187
176.986557
-178.715866
175.988739
175.781815
177.459488
177.447845
176.879364
177.01033
176.805481
175.395142
176.952774
175.149139
175.46846
176.339737
177.067947
175.532318
175.827454
175.63678
175.169678
176.126297
174.195389
175.63472
174.886078
173.576553
175.253647
174.245773
173.354309
173.453934
173.418671
173.850555
173.248154
173.714523
169.996765
172.369263
174.323868
169.623535
168.419601
173.789307
171.777237
167.406693
167.116852
171.709534
168.883804
169.677887
165.413193
168.866669
169.270523
170.843552
164.720215
168.964844
164.392166
168.052322
167.603485
166.152634
164.074646
167.762039
165.603622
162.864838
163.937515
162.686203
162.392746
168.247849
-173.014481
156.383926
162.514114
158.434738
166.035614
164.547928
159.775925
164.325699
157.696609
159.620026
151.473068
156.231339
145.20285
154.646194
162.651779
150.224716
155.789047
144.950134
151.32666
153.656891
152.154602
152.065887
142.117538
150.503601
155.844376
151.621689
133.496918
130.767258
153.928574
145.569809
140.266678
143.170364
146.640671
147.311768
143.406265
146.940399
138.390915
144.108109
133.043884
135.619766
129.50856
130.753036
133.680298
135.824783
120.064178
126.406036
124.5467
117.525673
114.340874
119.158226
123.731064
116.659904
112.220726
110.934921
108.29261
106.589043
110.367416
96.6775742
91.9266205
97.2916107
94.4249802
79.2703934
64.6988449
75.6429138
73.4645996
51.9670448
39.6457176
31.8018875
35.4975319
21.5426903
1.86771286
-6.04430151
-12.4377165
-6.67652464
-12.9673262
-28.7879028
-34.7897911
-35.9155617
-37.156414
-46.3419838
-52.712883
-63.65728
-53.9821129
-60.6857338
-64.7188492
-67.5765228
-73.7874527
-75.8300476
-76.6998215
-81.0508881
-75.9708023
-99.6420059
-90.1455917
-94.5824814
-97.0239182
-100.228416
-107.293335
-110.011475
-115.633957
-118.008926
-108.157799
-121.047005
-125.273987
-117.993347
-109.172691
-117.155258
-126.016251
-140.049454
-166.318039
-144.182556
-148.931458
-146.81424
-154.500473
-163.578552
150.741196
-169.301239
-126.51165
-140.625626
-156.975189
-145.416061
84.5910797
77.0219803
71.6731415
43.6260948
82.8498535
36.3637276
155.54364
-38.5096855
148.576294
143.176727
132.559082
-102.788971
111.614647
72.8463287
63.8594093
56.3081398
40.916893
37.9624863
-0.587998629
138.790726
-23.3028107
170.200714
-41.6055641
178.180618
-146.509964
-109.630531
139.88176
131.457275
143.652649
97.998291
89.9174118
107.656136
84.0971298
95.6583252
43.6282959
14.4341087
-48.7912979
-107.550308
-105.558792
-133.135117
-142.445663
167.548767
172.848282
-171.132416
33.6917763
136.119095
97.8270416
16.6432972
-87.056366
-87.6403046
-110.210495
-100.673088
-131.851089
-34.7650108
14.2599077
-175.700317
-31.1268978
108.239326
174.352692
-88.4764481
-141.204269
88.7830658
74.41008
40.1467018
176.187866
125.353859
143.75238
101.461327
108.816856
-132.02919
5.08257341
-123.470329
172.573273
-180.0
180.0
180.0
-180.0
-180.0
-180.0
180.0
180.0
-180.0
-180.0
180.0
180.0
-180.0
-180.0
180.0
180.0
-180.0
-180.0
180.0
180.0
-180.0
-180.0
180.0
180.0
180.0
-180.0
-180.0
180.0
180.0
-180.0
-180.0
180.0
180.0
-180.0
-180.0
180.0
180.0
-180.0
-180.0
180.0
180.0
-180.0
-180.0
-180.0
180.0
180.0
-180.0
-180.0
180.0
180.0
-180.0
-180.0
180.0
180.0
-180.0
-180.0
180.0
180.0
-180.0
-180.0
0.0
180.0
180.0
-180.0
